hour,high,low
2024-05-01 03:00:00,60317.88,59903.17
2024-05-01 04:00:00,60361.09,60190.0
2024-05-01 05:00:00,60334.76,59931.59
2024-05-01 06:00:00,60113.24,59500.55
2024-05-01 07:00:00,59569.23,57100.0
2024-05-01 08:00:00,57596.63,56552.82
2024-05-01 09:00:00,57653.34,57042.0
2024-05-01 10:00:00,57770.0,56888.0
2024-05-01 11:00:00,57909.0,57455.58
2024-05-01 12:00:00,58275.87,57729.89
2024-05-01 13:00:00,57999.06,57223.29
2024-05-01 14:00:00,57586.2,57101.1
2024-05-01 15:00:00,57511.1,56674.51
2024-05-01 16:00:00,57456.92,56750.1
2024-05-01 17:00:00,57700.86,56625.09
2024-05-01 18:00:00,59468.0,57331.1
2024-05-01 19:00:00,59264.16,56897.27
2024-05-01 20:00:00,57531.1,56760.02
2024-05-01 21:00:00,58203.34,57257.99
2024-05-01 22:00:00,58209.72,57857.71
2024-05-01 23:00:00,58575.32,57828.0
2024-05-02 00:00:00,58610.55,57641.73
2024-05-02 01:00:00,57900.02,56911.84
2024-05-02 02:00:00,57641.04,57109.01
2024-05-02 03:00:00,57705.08,57377.32
2024-05-02 04:00:00,57647.4,57301.11
2024-05-02 05:00:00,57537.73,57202.49
2024-05-02 06:00:00,57725.98,57404.08
2024-05-02 07:00:00,57945.19,57618.07
2024-05-02 08:00:00,57981.46,57612.73
2024-05-02 09:00:00,57892.52,57626.89
2024-05-02 10:00:00,57898.01,57561.14
2024-05-02 11:00:00,58689.55,57783.04
2024-05-02 12:00:00,59117.68,58446.18
2024-05-02 13:00:00,58788.75,58222.0
2024-05-02 14:00:00,59300.0,58300.0
2024-05-02 15:00:00,59455.0,58972.44
2024-05-02 16:00:00,59315.32,58943.38
2024-05-02 17:00:00,59301.1,58955.31
2024-05-02 18:00:00,59575.29,58987.49
2024-05-02 19:00:00,59385.57,59025.51
2024-05-02 20:00:00,59431.1,58637.62
2024-05-02 21:00:00,59625.0,58701.1
2024-05-02 22:00:00,59454.17,59083.33
2024-05-02 23:00:00,59377.36,59057.73
2024-05-03 00:00:00,59131.1,58811.32
2024-05-03 01:00:00,59498.0,59004.0
2024-05-03 02:00:00,59916.12,59255.22
2024-05-03 03:00:00,59999.0,59504.0
2024-05-03 04:00:00,59844.94,59548.0
2024-05-03 05:00:00,59627.9,59468.89
2024-05-03 06:00:00,59574.6,59233.3
2024-05-03 07:00:00,59423.0,59061.63
2024-05-03 08:00:00,59388.0,59136.49
2024-05-03 09:00:00,59575.48,59196.11
2024-05-03 10:00:00,59486.63,58849.94
2024-05-03 11:00:00,59438.08,58867.92
2024-05-03 12:00:00,60779.29,58991.99
2024-05-03 13:00:00,61836.6,60523.34
2024-05-03 14:00:00,62115.64,61347.1
2024-05-03 15:00:00,61800.0,61335.69
2024-05-03 16:00:00,62179.99,61538.7
2024-05-03 17:00:00,61953.8,61533.2
2024-05-03 18:00:00,61986.0,61695.0
2024-05-03 19:00:00,62103.0,61597.14
2024-05-03 20:00:00,63202.97,61974.0
2024-05-03 21:00:00,62950.0,62361.96
2024-05-03 22:00:00,63005.47,62637.76
2024-05-03 23:00:00,63333.0,62769.86
2024-05-04 00:00:00,63171.16,62765.41
2024-05-04 01:00:00,63595.14,62797.18
2024-05-04 02:00:00,62900.0,62541.03
2024-05-04 03:00:00,62884.62,62662.0
2024-05-04 04:00:00,63188.0,62686.0
2024-05-04 05:00:00,63450.0,62956.0
2024-05-04 06:00:00,63390.06,62905.65
2024-05-04 07:00:00,63132.57,62851.96
2024-05-04 08:00:00,63226.43,62924.37
2024-05-04 09:00:00,63300.0,63055.55
2024-05-04 10:00:00,64497.99,63110.66
2024-05-04 11:00:00,64540.0,63658.79
2024-05-04 12:00:00,64098.63,63758.51
2024-05-04 13:00:00,64158.19,63434.53
2024-05-04 14:00:00,63956.0,63550.28
2024-05-04 15:00:00,63846.0,63439.56
2024-05-04 16:00:00,63731.86,63386.01
2024-05-04 17:00:00,63774.6,63300.58
2024-05-04 18:00:00,63744.69,63388.12
2024-05-04 19:00:00,64019.83,63540.41
2024-05-04 20:00:00,64240.76,63853.74
2024-05-04 21:00:00,64112.51,63550.0
2024-05-04 22:00:00,63945.92,63569.99
2024-05-04 23:00:00,63932.61,63606.62
2024-05-05 00:00:00,64188.0,63418.53
2024-05-05 01:00:00,63580.0,62822.17
2024-05-05 02:00:00,63432.4,63140.0
2024-05-05 03:00:00,63271.81,63001.0
2024-05-05 04:00:00,63426.01,63234.24
2024-05-05 05:00:00,63493.55,63119.32
2024-05-05 06:00:00,63457.51,63162.0
2024-05-05 07:00:00,63959.0,63362.0
2024-05-05 08:00:00,63932.57,63539.53
2024-05-05 09:00:00,63743.43,63550.28
2024-05-05 10:00:00,63844.33,63555.39
2024-05-05 11:00:00,63937.17,63609.48
2024-05-05 12:00:00,63884.0,63633.01
2024-05-05 13:00:00,64279.99,63618.91
2024-05-05 14:00:00,64148.08,63751.02
2024-05-05 15:00:00,64646.0,63989.23
2024-05-05 16:00:00,64554.68,64196.73
2024-05-05 17:00:00,64476.0,64155.77
2024-05-05 18:00:00,64249.42,63811.01
2024-05-05 19:00:00,63999.99,63843.99
2024-05-05 20:00:00,63879.95,63582.08
2024-05-05 21:00:00,63868.41,63600.0
2024-05-05 22:00:00,63891.22,63704.32
2024-05-05 23:00:00,64227.51,63825.35
2024-05-06 00:00:00,64346.24,64011.01
2024-05-06 01:00:00,64465.0,64058.82
2024-05-06 02:00:00,64227.51,63826.08
2024-05-06 03:00:00,63935.31,63708.58
2024-05-06 04:00:00,64185.58,63768.72
2024-05-06 05:00:00,64331.58,64036.0
2024-05-06 06:00:00,64473.78,64137.92
2024-05-06 07:00:00,64588.0,64150.0
2024-05-06 08:00:00,65500.0,64462.48
2024-05-06 09:00:00,65360.12,65111.1
2024-05-06 10:00:00,65275.0,63815.38
2024-05-06 11:00:00,64359.39,64003.49
2024-05-06 12:00:00,64319.86,63343.86
2024-05-06 13:00:00,63998.47,63450.0
2024-05-06 14:00:00,64261.08,63211.66
2024-05-06 15:00:00,63760.0,62909.61
2024-05-06 16:00:00,63747.59,63079.6
2024-05-06 17:00:00,63511.84,62968.57
2024-05-06 18:00:00,63532.05,62965.4
2024-05-06 19:00:00,63404.8,62700.0
2024-05-06 20:00:00,63405.61,63051.94
2024-05-06 21:00:00,63611.85,63308.27
2024-05-06 22:00:00,63570.0,63406.13
2024-05-06 23:00:00,63495.67,63134.85
2024-05-07 00:00:00,63667.0,62960.0
2024-05-07 01:00:00,63967.19,63480.0
2024-05-07 02:00:00,63953.34,63620.03
2024-05-07 03:00:00,63733.16,62832.6
2024-05-07 04:00:00,63470.58,63092.76
2024-05-07 05:00:00,63725.0,63243.92
2024-05-07 06:00:00,63719.2,63394.28
2024-05-07 07:00:00,63853.12,63549.99
2024-05-07 08:00:00,64422.41,63596.13
2024-05-07 09:00:00,64362.7,64064.34
2024-05-07 10:00:00,64171.83,63746.69
2024-05-07 11:00:00,64124.05,63358.0
2024-05-07 12:00:00,63772.45,63473.73
2024-05-07 13:00:00,63712.86,63112.57
2024-05-07 14:00:00,64088.53,63050.77
2024-05-07 15:00:00,64320.0,63584.28
2024-05-07 16:00:00,63895.46,63455.56
2024-05-07 17:00:00,63657.4,63310.84
2024-05-07 18:00:00,63393.52,62789.89
2024-05-07 19:00:00,63269.2,62961.81
2024-05-07 20:00:00,63197.58,62888.68
2024-05-07 21:00:00,63162.28,62835.0
2024-05-07 22:00:00,63123.6,62738.8
2024-05-07 23:00:00,62880.0,62261.0
2024-05-08 00:00:00,62729.77,62111.0
2024-05-08 01:00:00,62718.38,62430.0
2024-05-08 02:00:00,62849.03,62530.3
2024-05-08 03:00:00,62973.18,62588.0
2024-05-08 04:00:00,63020.22,62358.09
2024-05-08 05:00:00,62760.0,62361.51
2024-05-08 06:00:00,62709.63,62135.48
2024-05-08 07:00:00,62603.64,62020.09
2024-05-08 08:00:00,62427.97,62042.0
2024-05-08 09:00:00,62428.0,62082.3
2024-05-08 10:00:00,62519.7,62264.19
2024-05-08 11:00:00,62507.0,62131.41
2024-05-08 12:00:00,62450.14,62093.75
2024-05-08 13:00:00,62461.28,61761.0
2024-05-08 14:00:00,62828.0,62160.72
2024-05-08 15:00:00,62604.35,61886.86
2024-05-08 16:00:00,62444.45,62000.0
2024-05-08 17:00:00,62685.7,62368.06
2024-05-08 18:00:00,62760.0,62450.0
2024-05-08 19:00:00,62548.71,61949.42
2024-05-08 20:00:00,62248.84,61429.62
2024-05-08 21:00:00,61763.37,61382.0
2024-05-08 22:00:00,61568.85,61103.26
2024-05-08 23:00:00,61280.46,60888.0
2024-05-09 00:00:00,61468.14,61144.33
2024-05-09 01:00:00,61567.41,61380.54
2024-05-09 02:00:00,61694.91,61490.34
2024-05-09 03:00:00,61806.98,61423.24
2024-05-09 04:00:00,61760.6,61420.0
2024-05-09 05:00:00,61727.58,61444.44
2024-05-09 06:00:00,61780.6,61530.69
2024-05-09 07:00:00,61648.0,61129.0
2024-05-09 08:00:00,61447.06,61139.79
2024-05-09 09:00:00,61361.94,60923.22
2024-05-09 10:00:00,61321.76,60774.67
2024-05-09 11:00:00,61177.94,60630.0
2024-05-09 12:00:00,61631.03,61025.42
2024-05-09 13:00:00,61538.73,60882.19
2024-05-09 14:00:00,61571.42,61119.1
2024-05-09 15:00:00,62285.0,61465.36
2024-05-09 16:00:00,62668.67,61820.77
2024-05-09 17:00:00,62211.45,61750.0
2024-05-09 18:00:00,62260.0,61890.0
2024-05-09 19:00:00,62550.0,62180.0
2024-05-09 20:00:00,62659.51,62346.36
2024-05-09 21:00:00,62822.64,62426.82
2024-05-09 22:00:00,63429.03,62493.0
2024-05-09 23:00:00,63330.01,62862.72
2024-05-10 00:00:00,63094.01,62742.0
2024-05-10 01:00:00,62968.0,62662.07
2024-05-10 02:00:00,63043.29,62771.76
2024-05-10 03:00:00,62932.15,62793.94
2024-05-10 04:00:00,63008.0,62793.04
2024-05-10 05:00:00,62973.49,62660.42
2024-05-10 06:00:00,63236.96,62743.88
2024-05-10 07:00:00,63380.0,62990.44
2024-05-10 08:00:00,63136.06,62839.67
2024-05-10 09:00:00,63214.63,62850.0
2024-05-10 10:00:00,63139.19,62860.0
2024-05-10 11:00:00,63320.0,62800.0
2024-05-10 12:00:00,63469.13,62939.0
2024-05-10 13:00:00,63107.17,62812.26
2024-05-10 14:00:00,63090.33,60690.0
2024-05-10 15:00:00,61326.01,60703.0
2024-05-10 16:00:00,61294.82,60255.0
2024-05-10 17:00:00,61071.55,60187.12
2024-05-10 18:00:00,60788.0,60220.87
2024-05-10 19:00:00,60922.29,60538.7
2024-05-10 20:00:00,60977.17,60456.91
2024-05-10 21:00:00,60777.7,60466.52
2024-05-10 22:00:00,60931.8,60610.0
2024-05-10 23:00:00,61003.0,60776.0
2024-05-11 00:00:00,60930.0,60650.0
2024-05-11 01:00:00,61096.27,60764.0
2024-05-11 02:00:00,60977.77,60753.54
2024-05-11 03:00:00,60918.86,60699.92
2024-05-11 04:00:00,60880.26,60712.0
2024-05-11 05:00:00,60939.18,60766.0
2024-05-11 06:00:00,61080.0,60900.94
2024-05-11 07:00:00,61018.53,60861.88
2024-05-11 08:00:00,61058.75,60780.0
2024-05-11 09:00:00,60904.43,60662.0
2024-05-11 10:00:00,60904.43,60692.0
2024-05-11 11:00:00,60790.0,60487.09
2024-05-11 12:00:00,60818.14,60643.94
2024-05-11 13:00:00,60986.11,60666.88
2024-05-11 14:00:00,61000.01,60783.94
2024-05-11 15:00:00,61515.0,60840.0
2024-05-11 16:00:00,61410.09,61091.84
2024-05-11 17:00:00,61257.99,61016.0
2024-05-11 18:00:00,61300.0,61016.0
2024-05-11 19:00:00,61217.0,61058.31
2024-05-11 20:00:00,61154.21,60784.39
2024-05-11 21:00:00,61016.58,60840.0
2024-05-11 22:00:00,60990.0,60899.26
2024-05-11 23:00:00,60986.41,60743.51
2024-05-12 00:00:00,61104.05,60804.0
2024-05-12 01:00:00,61080.0,60860.3
2024-05-12 02:00:00,60979.99,60833.99
2024-05-12 03:00:00,60970.0,60863.81
2024-05-12 04:00:00,61120.0,60919.33
2024-05-12 05:00:00,61100.01,60978.64
2024-05-12 06:00:00,61062.0,60945.04
2024-05-12 07:00:00,60996.0,60610.0
2024-05-12 08:00:00,61110.0,60790.94
2024-05-12 09:00:00,61083.32,60960.0
2024-05-12 10:00:00,61366.59,60950.0
2024-05-12 11:00:00,61233.06,61110.0
2024-05-12 12:00:00,61236.25,61090.0
2024-05-12 13:00:00,61245.94,61097.89
2024-05-12 14:00:00,61313.82,61124.77
2024-05-12 15:00:00,61587.12,61146.01
2024-05-12 16:00:00,61888.0,61346.77
2024-05-12 17:00:00,61685.5,61109.67
2024-05-12 18:00:00,61652.7,61355.0
2024-05-12 19:00:00,61442.67,61209.59
2024-05-12 20:00:00,61432.0,61283.24
2024-05-12 21:00:00,61316.67,60910.58
2024-05-12 22:00:00,61420.0,61203.36
2024-05-12 23:00:00,61551.43,61280.0
2024-05-13 00:00:00,61812.0,61483.99
2024-05-13 01:00:00,61545.77,61168.86
2024-05-13 02:00:00,61500.0,60944.71
2024-05-13 03:00:00,61220.79,60749.21
2024-05-13 04:00:00,61170.01,60894.24
2024-05-13 05:00:00,61016.0,60802.0
2024-05-13 06:00:00,61560.0,60797.79
2024-05-13 07:00:00,62450.0,61460.0
2024-05-13 08:00:00,63080.0,62334.36
2024-05-13 09:00:00,63295.48,62767.18
2024-05-13 10:00:00,63087.11,62378.84
2024-05-13 11:00:00,62770.94,62480.57
2024-05-13 12:00:00,62913.3,62399.35
2024-05-13 13:00:00,63048.05,62600.79
2024-05-13 14:00:00,63100.0,62729.12
2024-05-13 15:00:00,63200.0,62703.42
2024-05-13 16:00:00,63450.0,62917.55
2024-05-13 17:00:00,63189.48,62610.0
2024-05-13 18:00:00,62827.31,62566.36
2024-05-13 19:00:00,63188.76,62786.9
2024-05-13 20:00:00,63193.59,62990.84
2024-05-13 21:00:00,63120.0,62840.0
2024-05-13 22:00:00,62952.2,62715.57
2024-05-13 23:00:00,62980.15,62716.13
2024-05-14 00:00:00,63118.36,62721.98
2024-05-14 01:00:00,63019.8,62577.99
2024-05-14 02:00:00,62711.06,62500.0
2024-05-14 03:00:00,62696.42,62403.22
2024-05-14 04:00:00,62669.48,62401.07
2024-05-14 05:00:00,62780.73,62487.18
2024-05-14 06:00:00,62717.22,61404.34
2024-05-14 07:00:00,62116.8,61820.24
2024-05-14 08:00:00,62045.8,61697.05
2024-05-14 09:00:00,61954.9,61755.57
2024-05-14 10:00:00,61822.19,61520.89
2024-05-14 11:00:00,61895.83,61696.96
2024-05-14 12:00:00,62108.0,61151.0
2024-05-14 13:00:00,62054.77,61452.16
2024-05-14 14:00:00,62300.0,61142.77
2024-05-14 15:00:00,62063.56,61650.0
2024-05-14 16:00:00,61816.34,61201.1
2024-05-14 17:00:00,61535.28,61159.34
2024-05-14 18:00:00,61463.15,61224.07
2024-05-14 19:00:00,61680.0,61397.2
2024-05-14 20:00:00,61710.0,61561.14
2024-05-14 21:00:00,61789.99,61472.41
2024-05-14 22:00:00,61766.28,61570.0
2024-05-14 23:00:00,61726.62,61540.0
2024-05-15 00:00:00,61800.0,61319.47
2024-05-15 01:00:00,61760.04,61432.01
2024-05-15 02:00:00,61908.47,61690.21
2024-05-15 03:00:00,62033.48,61772.44
2024-05-15 04:00:00,61982.0,61818.18
2024-05-15 05:00:00,62082.64,61880.0
2024-05-15 06:00:00,61986.0,61829.96
2024-05-15 07:00:00,62280.01,61889.52
2024-05-15 08:00:00,62265.98,62044.8
2024-05-15 09:00:00,62919.12,61923.2
2024-05-15 10:00:00,62999.44,62355.71
2024-05-15 11:00:00,62824.3,62242.42
2024-05-15 12:00:00,64200.93,62402.03
2024-05-15 13:00:00,64663.56,63535.89
2024-05-15 14:00:00,64500.0,63990.62
2024-05-15 15:00:00,65057.26,64367.14
2024-05-15 16:00:00,65150.0,64720.0
2024-05-15 17:00:00,65127.64,64759.26
2024-05-15 18:00:00,65791.12,64960.99
2024-05-15 19:00:00,66419.15,65302.44
2024-05-15 20:00:00,66085.5,65738.0
2024-05-15 21:00:00,66200.0,65779.88
2024-05-15 22:00:00,66290.32,65842.61
2024-05-15 23:00:00,66444.16,66072.0
2024-05-16 00:00:00,66666.0,65942.1
2024-05-16 01:00:00,66209.74,65838.66
2024-05-16 02:00:00,66115.2,65746.42
2024-05-16 03:00:00,66074.03,65807.45
2024-05-16 04:00:00,66006.42,65800.0
2024-05-16 05:00:00,65900.0,65746.12
2024-05-16 06:00:00,66000.0,65652.92
2024-05-16 07:00:00,66278.04,65936.57
2024-05-16 08:00:00,66460.71,66094.34
2024-05-16 09:00:00,66390.02,66100.0
2024-05-16 10:00:00,66364.69,66100.0
2024-05-16 11:00:00,66585.7,66000.0
2024-05-16 12:00:00,66752.01,65904.76
2024-05-16 13:00:00,66367.92,65759.99
2024-05-16 14:00:00,66393.29,65555.0
2024-05-16 15:00:00,65900.0,65361.51
2024-05-16 16:00:00,65827.47,65110.0
2024-05-16 17:00:00,65389.95,64602.77
2024-05-16 18:00:00,65205.85,64831.63
2024-05-16 19:00:00,65580.0,65090.17
2024-05-16 20:00:00,65290.0,65050.0
2024-05-16 21:00:00,65500.0,65242.09
2024-05-16 22:00:00,65480.35,65140.61
2024-05-16 23:00:00,65422.03,65187.5
2024-05-17 00:00:00,65508.7,65235.2
2024-05-17 01:00:00,65510.22,65106.38
2024-05-17 02:00:00,65450.07,65188.0
2024-05-17 03:00:00,65901.46,65354.23
2024-05-17 04:00:00,65630.7,65367.51
2024-05-17 05:00:00,65700.0,65436.0
2024-05-17 06:00:00,66148.0,65580.66
2024-05-17 07:00:00,66500.0,65955.56
2024-05-17 08:00:00,66457.28,66068.79
2024-05-17 09:00:00,66390.0,66072.43
2024-05-17 10:00:00,66537.19,66182.77
2024-05-17 11:00:00,66564.23,66197.91
2024-05-17 12:00:00,66548.0,66120.0
2024-05-17 13:00:00,66458.63,65828.03
2024-05-17 14:00:00,66850.0,65914.81
2024-05-17 15:00:00,67451.2,66552.53
2024-05-17 16:00:00,67300.0,66910.0
2024-05-17 17:00:00,66998.57,66660.78
2024-05-17 18:00:00,66849.0,66214.67
2024-05-17 19:00:00,67070.0,66650.75
2024-05-17 20:00:00,67048.0,66765.33
2024-05-17 21:00:00,66916.78,66740.42
2024-05-17 22:00:00,66810.65,66669.72
2024-05-17 23:00:00,67089.72,66700.0
2024-05-18 00:00:00,67095.88,66725.53
2024-05-18 01:00:00,67017.99,66765.33
2024-05-18 02:00:00,67055.3,66797.61
2024-05-18 03:00:00,67006.49,66854.38
2024-05-18 04:00:00,67008.41,66800.0
2024-05-18 05:00:00,66885.99,66810.0
2024-05-18 06:00:00,66963.86,66730.0
2024-05-18 07:00:00,67240.69,66829.0
2024-05-18 08:00:00,67085.19,66840.0
2024-05-18 09:00:00,67138.99,66999.99
2024-05-18 10:00:00,67300.0,67029.37
2024-05-18 11:00:00,67400.01,67116.36
2024-05-18 12:00:00,67227.97,66900.0
2024-05-18 13:00:00,67072.9,66800.0
2024-05-18 14:00:00,67061.2,66600.09
2024-05-18 15:00:00,66896.19,66600.0
2024-05-18 16:00:00,66992.53,66722.0
2024-05-18 17:00:00,66970.0,66750.0
2024-05-18 18:00:00,66910.0,66779.95
2024-05-18 19:00:00,66942.94,66771.76
2024-05-18 20:00:00,67014.88,66880.0
2024-05-18 21:00:00,66984.0,66810.0
2024-05-18 22:00:00,67005.07,66828.59
2024-05-18 23:00:00,67039.92,66914.58
2024-05-19 00:00:00,66980.84,66837.39
2024-05-19 01:00:00,66970.0,66885.55
2024-05-19 02:00:00,67250.0,66920.0
2024-05-19 03:00:00,67294.35,67090.0
2024-05-19 04:00:00,67180.0,66994.22
2024-05-19 05:00:00,67170.0,67090.53
2024-05-19 06:00:00,67150.0,66930.4
2024-05-19 07:00:00,67329.45,66981.1
2024-05-19 08:00:00,67339.91,67100.0
2024-05-19 09:00:00,67186.67,66990.01
2024-05-19 10:00:00,67700.0,67116.35
2024-05-19 11:00:00,67388.0,66950.0
2024-05-19 12:00:00,67330.01,66789.75
2024-05-19 13:00:00,67179.03,66677.0
2024-05-19 14:00:00,67149.85,66847.02
2024-05-19 15:00:00,66988.22,66739.13
2024-05-19 16:00:00,66990.0,66521.38
2024-05-19 17:00:00,66830.71,66548.17
2024-05-19 18:00:00,66757.21,66522.3
2024-05-19 19:00:00,66646.2,65857.25
2024-05-19 20:00:00,66300.0,66019.99
2024-05-19 21:00:00,66360.0,66000.0
2024-05-19 22:00:00,66463.0,66252.0
2024-05-19 23:00:00,66363.61,66211.87
2024-05-20 00:00:00,66492.5,66149.43
2024-05-20 01:00:00,66589.63,66060.31
2024-05-20 02:00:00,66763.0,66503.0
2024-05-20 03:00:00,66768.87,66563.95
2024-05-20 04:00:00,67143.75,66626.0
2024-05-20 05:00:00,67295.99,67050.61
2024-05-20 06:00:00,67160.0,66279.64
2024-05-20 07:00:00,66899.99,66352.23
2024-05-20 08:00:00,67057.97,66750.0
2024-05-20 09:00:00,66999.0,66753.18
2024-05-20 10:00:00,67349.0,66860.26
2024-05-20 11:00:00,67300.0,66907.23
2024-05-20 12:00:00,67087.63,66789.16
2024-05-20 13:00:00,67184.71,66774.53
2024-05-20 14:00:00,67110.0,66753.42
2024-05-20 15:00:00,67487.0,66902.0
2024-05-20 16:00:00,68266.08,67374.42
2024-05-20 17:00:00,68649.98,68030.77
2024-05-20 18:00:00,68766.0,68292.6
2024-05-20 19:00:00,70000.0,68596.0
2024-05-20 20:00:00,70421.24,69153.61
2024-05-20 21:00:00,69767.43,68905.67
2024-05-20 22:00:00,69949.0,69540.0
2024-05-20 23:00:00,71515.56,69589.5
2024-05-21 00:00:00,71979.0,71125.37
2024-05-21 01:00:00,71462.48,70706.0
2024-05-21 02:00:00,71426.19,70903.85
2024-05-21 03:00:00,71401.68,71136.84
2024-05-21 04:00:00,71289.89,70834.0
2024-05-21 05:00:00,71222.0,70826.92
2024-05-21 06:00:00,71394.2,71096.01
2024-05-21 07:00:00,71230.13,70878.29
2024-05-21 08:00:00,71060.0,70839.63
2024-05-21 09:00:00,71076.65,70880.68
2024-05-21 10:00:00,71290.0,70960.02
2024-05-21 11:00:00,71474.92,70980.0
2024-05-21 12:00:00,71455.09,71060.0
2024-05-21 13:00:00,71349.99,70539.91
2024-05-21 14:00:00,70927.48,70187.76
2024-05-21 15:00:00,70487.82,69685.01
2024-05-21 16:00:00,70263.03,69642.8
2024-05-21 17:00:00,69942.72,69550.0
2024-05-21 18:00:00,69950.19,69500.0
2024-05-21 19:00:00,69944.4,69162.94
2024-05-21 20:00:00,69766.66,69240.57
2024-05-21 21:00:00,69806.12,69460.38
2024-05-21 22:00:00,70222.22,69720.18
2024-05-21 23:00:00,70377.77,70100.0
2024-05-22 00:00:00,70279.99,70049.99
2024-05-22 01:00:00,70209.1,70007.73
2024-05-22 02:00:00,70368.6,69922.77
2024-05-22 03:00:00,70050.0,69822.76
2024-05-22 04:00:00,70000.0,69165.0
2024-05-22 05:00:00,69923.48,69528.49
2024-05-22 06:00:00,70059.89,69784.47
2024-05-22 07:00:00,69889.07,69587.62
2024-05-22 08:00:00,70200.0,69636.01
2024-05-22 09:00:00,70087.1,69837.45
2024-05-22 10:00:00,70233.0,69928.05
2024-05-22 11:00:00,70275.14,69736.13
2024-05-22 12:00:00,70093.34,69505.65
2024-05-22 13:00:00,69892.63,69436.63
2024-05-22 14:00:00,70180.0,69435.3
2024-05-22 15:00:00,70591.0,69922.37
2024-05-22 16:00:00,70666.0,70179.58
2024-05-22 17:00:00,70459.91,69669.19
2024-05-22 18:00:00,69901.66,69228.64
2024-05-22 19:00:00,69800.91,69453.13
2024-05-22 20:00:00,69976.0,69397.25
2024-05-22 21:00:00,69665.61,68842.19
2024-05-22 22:00:00,69550.0,69054.01
2024-05-22 23:00:00,69233.69,69023.56
2024-05-23 00:00:00,69621.51,69166.61
2024-05-23 01:00:00,69626.87,69260.15
2024-05-23 02:00:00,69562.0,69362.62
2024-05-23 03:00:00,69524.86,69311.76
2024-05-23 04:00:00,69590.0,69422.2
2024-05-23 05:00:00,69562.04,69347.17
2024-05-23 06:00:00,69675.0,69382.73
2024-05-23 07:00:00,69862.44,69470.0
2024-05-23 08:00:00,69849.94,69577.86
2024-05-23 09:00:00,69830.0,69580.9
2024-05-23 10:00:00,69794.92,69520.02
2024-05-23 11:00:00,70061.0,69537.21
2024-05-23 12:00:00,70096.12,68946.17
2024-05-23 13:00:00,69558.07,67716.42
2024-05-23 14:00:00,68345.39,67610.95
2024-05-23 15:00:00,68313.79,67709.84
2024-05-23 16:00:00,68167.97,67799.3
2024-05-23 17:00:00,68119.26,67618.98
2024-05-23 18:00:00,67684.36,66764.7
2024-05-23 19:00:00,67690.0,67110.18
2024-05-23 20:00:00,67952.39,66312.16
2024-05-23 21:00:00,68365.81,66958.4
2024-05-23 22:00:00,67999.98,67540.0
2024-05-23 23:00:00,67994.1,67480.0
2024-05-24 00:00:00,68000.0,67628.01
2024-05-24 01:00:00,67852.0,67657.55
2024-05-24 02:00:00,68000.95,67634.15
2024-05-24 03:00:00,68017.56,67822.05
2024-05-24 04:00:00,67922.79,67651.04
2024-05-24 05:00:00,67708.23,67080.99
2024-05-24 06:00:00,67603.6,66816.21
2024-05-24 07:00:00,67311.54,66828.23
2024-05-24 08:00:00,67228.84,66600.12
2024-05-24 09:00:00,67449.36,67039.52
2024-05-24 10:00:00,67523.78,67311.12
2024-05-24 11:00:00,67472.89,67277.58
2024-05-24 12:00:00,67571.81,67343.0
2024-05-24 13:00:00,67607.0,66921.97
2024-05-24 14:00:00,68031.62,67000.0
2024-05-24 15:00:00,68420.0,67869.48
2024-05-24 16:00:00,68473.85,67924.39
2024-05-24 17:00:00,68931.31,68394.32
2024-05-24 18:00:00,69220.0,68840.0
2024-05-24 19:00:00,69250.0,68738.33
2024-05-24 20:00:00,69214.0,68836.96
2024-05-24 21:00:00,68995.77,68800.0
2024-05-24 22:00:00,68876.0,68674.39
2024-05-24 23:00:00,68788.0,68524.94
2024-05-25 00:00:00,68679.48,68500.0
2024-05-25 01:00:00,68700.38,68530.88
2024-05-25 02:00:00,68830.0,68606.1
2024-05-25 03:00:00,68910.0,68652.59
2024-05-25 04:00:00,68831.88,68688.0
2024-05-25 05:00:00,68808.0,68696.0
2024-05-25 06:00:00,68746.4,68615.56
2024-05-25 07:00:00,68811.89,68639.69
2024-05-25 08:00:00,69059.35,68749.2
2024-05-25 09:00:00,69156.28,68850.0
2024-05-25 10:00:00,69453.57,69025.87
2024-05-25 11:00:00,69610.0,69104.67
2024-05-25 12:00:00,69299.99,69018.56
2024-05-25 13:00:00,69240.77,68882.43
2024-05-25 14:00:00,69088.67,68958.0
2024-05-25 15:00:00,69212.58,68847.65
2024-05-25 16:00:00,69044.0,68849.5
2024-05-25 17:00:00,69100.0,68925.0
2024-05-25 18:00:00,69234.0,69065.14
2024-05-25 19:00:00,69266.66,69115.94
2024-05-25 20:00:00,69221.39,69071.47
2024-05-25 21:00:00,69170.72,69050.01
2024-05-25 22:00:00,69159.54,69050.95
2024-05-25 23:00:00,69356.6,69128.99
2024-05-26 00:00:00,69319.31,69151.5
2024-05-26 01:00:00,69256.09,69156.0
2024-05-26 02:00:00,69176.91,68808.37
2024-05-26 03:00:00,69137.84,68880.6
2024-05-26 04:00:00,69073.62,68936.21
2024-05-26 05:00:00,69139.6,68928.22
2024-05-26 06:00:00,69184.0,69052.0
2024-05-26 07:00:00,69435.36,69101.63
2024-05-26 08:00:00,69562.23,69063.13
2024-05-26 09:00:00,69254.0,68974.55
2024-05-26 10:00:00,69222.93,69086.54
2024-05-26 11:00:00,69229.92,69054.1
2024-05-26 12:00:00,69146.92,68951.0
2024-05-26 13:00:00,69136.15,68950.0
2024-05-26 14:00:00,69312.3,69042.26
2024-05-26 15:00:00,69399.0,68668.6
2024-05-26 16:00:00,68973.15,68692.11
2024-05-26 17:00:00,68906.96,68731.36
2024-05-26 18:00:00,68842.8,68717.61
2024-05-26 19:00:00,68916.22,68800.15
2024-05-26 20:00:00,68911.56,68720.66
2024-05-26 21:00:00,68720.85,68128.01
2024-05-26 22:00:00,68700.65,68464.0
2024-05-26 23:00:00,68569.88,68344.0
2024-05-27 00:00:00,68821.72,68481.31
2024-05-27 01:00:00,69298.0,68740.75
2024-05-27 02:00:00,69288.44,69020.49
2024-05-27 03:00:00,69212.0,68826.91
2024-05-27 04:00:00,68901.74,68764.71
2024-05-27 05:00:00,68784.4,68321.95
2024-05-27 06:00:00,68621.54,68393.23
2024-05-27 07:00:00,68721.02,68341.84
2024-05-27 08:00:00,68944.2,68521.52
2024-05-27 09:00:00,68660.09,68430.95
2024-05-27 10:00:00,68598.48,68422.08
2024-05-27 11:00:00,68679.8,68250.0
2024-05-27 12:00:00,68643.25,68384.0
2024-05-27 13:00:00,69045.8,68601.3
2024-05-27 14:00:00,69500.0,68828.8
2024-05-27 15:00:00,70520.3,69499.99
2024-05-27 16:00:00,70687.56,70153.45
2024-05-27 17:00:00,70350.0,70029.93
2024-05-27 18:00:00,70250.0,69882.11
2024-05-27 19:00:00,70113.35,69069.0
2024-05-27 20:00:00,69724.21,69177.01
2024-05-27 21:00:00,69887.9,69589.99
2024-05-27 22:00:00,69805.01,69555.81
2024-05-27 23:00:00,69591.59,69324.0
2024-05-28 00:00:00,69472.99,69100.0
2024-05-28 01:00:00,69591.81,68515.86
2024-05-28 02:00:00,68842.36,68420.03
2024-05-28 03:00:00,68738.48,67753.0
2024-05-28 04:00:00,68134.0,67486.65
2024-05-28 05:00:00,68049.67,67660.0
2024-05-28 06:00:00,68093.49,67787.0
2024-05-28 07:00:00,68030.0,67658.24
2024-05-28 08:00:00,68250.0,67582.13
2024-05-28 09:00:00,68523.99,68024.57
2024-05-28 10:00:00,68902.71,68249.99
2024-05-28 11:00:00,68665.59,68265.01
2024-05-28 12:00:00,68559.99,68154.21
2024-05-28 13:00:00,68478.45,67659.93
2024-05-28 14:00:00,68253.99,67529.62
2024-05-28 15:00:00,68460.53,67728.78
2024-05-28 16:00:00,68457.19,67713.02
2024-05-28 17:00:00,68159.54,67640.46
2024-05-28 18:00:00,67992.78,67277.91
2024-05-28 19:00:00,68598.33,67864.01
2024-05-28 20:00:00,68538.92,68124.04
2024-05-28 21:00:00,68550.0,68257.81
2024-05-28 22:00:00,68661.28,68383.77
2024-05-28 23:00:00,68620.92,68346.78
2024-05-29 00:00:00,68605.1,68266.04
2024-05-29 01:00:00,68707.58,68310.0
2024-05-29 02:00:00,68923.0,68454.97
2024-05-29 03:00:00,68884.82,68681.38
2024-05-29 04:00:00,68935.68,68760.0
2024-05-29 05:00:00,68843.53,68572.66
2024-05-29 06:00:00,68667.72,68465.6
2024-05-29 07:00:00,68534.35,67936.35
2024-05-29 08:00:00,67999.92,67602.34
2024-05-29 09:00:00,68033.33,67685.45
2024-05-29 10:00:00,68024.0,67802.95
2024-05-29 11:00:00,68001.25,67736.23
2024-05-29 12:00:00,68023.97,67567.21
2024-05-29 13:00:00,68280.0,67569.55
2024-05-29 14:00:00,67952.39,67500.0
2024-05-29 15:00:00,67855.69,67262.34
2024-05-29 16:00:00,67720.0,67124.65
2024-05-29 17:00:00,67680.0,67329.99
2024-05-29 18:00:00,67623.1,67222.22
2024-05-29 19:00:00,67742.0,67216.01
2024-05-29 20:00:00,67494.57,67151.35
2024-05-29 21:00:00,67810.0,67325.08
2024-05-29 22:00:00,67826.09,67605.94
2024-05-29 23:00:00,67731.59,67576.06
2024-05-30 00:00:00,67843.32,67551.46
2024-05-30 01:00:00,67862.2,67471.67
2024-05-30 02:00:00,68199.97,67788.95
2024-05-30 03:00:00,68182.42,67924.0
2024-05-30 04:00:00,68422.89,67984.01
2024-05-30 05:00:00,68195.0,67967.66
2024-05-30 06:00:00,68180.46,67728.2
2024-05-30 07:00:00,68037.22,67508.42
2024-05-30 08:00:00,67769.11,67128.0
2024-05-30 09:00:00,67759.99,67459.96
2024-05-30 10:00:00,67991.0,67541.82
2024-05-30 11:00:00,68100.0,67815.0
2024-05-30 12:00:00,68305.55,67755.0
2024-05-30 13:00:00,68678.76,68050.0
2024-05-30 14:00:00,68826.31,68256.29
2024-05-30 15:00:00,68612.0,68144.0
2024-05-30 16:00:00,68691.64,68384.0
2024-05-30 17:00:00,69500.0,68664.0
2024-05-30 18:00:00,69420.0,69084.0
2024-05-30 19:00:00,69366.46,68435.0
2024-05-30 20:00:00,68657.41,68050.01
2024-05-30 21:00:00,68534.0,68324.0
2024-05-30 22:00:00,68438.99,68241.79
2024-05-30 23:00:00,68518.86,68251.0
2024-05-31 00:00:00,68465.39,68274.0
2024-05-31 01:00:00,68626.2,68314.35
2024-05-31 02:00:00,68729.73,68430.0
2024-05-31 03:00:00,68628.39,68487.95
2024-05-31 04:00:00,68654.33,68486.0
2024-05-31 05:00:00,68516.59,68290.0
2024-05-31 06:00:00,68456.23,68225.52
2024-05-31 07:00:00,68431.88,68075.99
2024-05-31 08:00:00,68310.9,68130.77
2024-05-31 09:00:00,68184.4,67876.0
2024-05-31 10:00:00,68333.33,67930.0
2024-05-31 11:00:00,68461.0,68280.0
2024-05-31 12:00:00,69044.1,68320.77
2024-05-31 13:00:00,68821.01,68025.02
2024-05-31 14:00:00,68078.34,67264.46
2024-05-31 15:00:00,67548.38,67200.0
2024-05-31 16:00:00,67352.41,66670.0
2024-05-31 17:00:00,67459.66,67160.3
2024-05-31 18:00:00,67444.47,67170.0
2024-05-31 19:00:00,67999.0,67342.24
2024-05-31 20:00:00,67798.0,67600.0
2024-05-31 21:00:00,67710.0,67500.0
2024-05-31 22:00:00,67668.0,67509.51
2024-05-31 23:00:00,67602.6,67239.19
2024-06-01 00:00:00,67703.89,67507.39
2024-06-01 01:00:00,67710.29,67428.44
2024-06-01 02:00:00,67740.0,67546.52
